-180	522	238
-179.786	541	270
-179.571	527	472
-179.357	513	566
-179.143	531	396
-178.929	536	259
-178.714	526	234
-178.5	528	218
-178.286	525	201
-178.071	519	173
-177.857	500	129
-177.643	0	6
-177.429	0	6
-177.214	0	6
-177	4809	225
-176.786	4779	231
-176.571	4764	232
-176.357	4736	237
-176.143	4735	239
-175.929	4727	238
-175.714	4705	239
-175.5	4690	239
-175.286	4657	239
-175.071	4656	240
-174.857	4649	237
-174.643	4640	238
-174.429	4620	238
-174.214	0	6
-174	568	197
-173.786	569	243
-173.571	558	264
-173.357	586	262
-173.143	571	249
-172.929	548	207
-172.714	0	6
-172.5	4495	231
-172.286	4506	231
-172.071	4464	233
-171.857	4461	233
-171.643	4450	235
-171.429	4450	237
-171.214	4425	239
-171	4411	239
-170.786	4399	241
-170.571	4391	242
-170.357	4359	246
-170.143	4377	244
-169.929	4361	245
-169.714	4346	246
-169.5	4340	246
-169.286	4311	250
-169.071	4308	249
-168.857	4298	249
-168.643	4301	250
-168.429	4267	251
-168.214	4269	249
-168	4267	250
-167.786	4249	251
-167.571	4247	250
-167.357	4225	251
-167.143	4204	252
-166.929	4210	252
-166.714	4202	252
-166.5	4211	249
-166.286	4175	251
-166.071	4183	251
-165.857	4149	253
-165.643	4175	251
-165.429	4149	252
-165.214	4142	251
-165	4125	254
-164.786	4105	255
-164.571	4106	254
-164.357	3436	322
-164.143	3013	292
-163.929	3030	220
-163.714	4069	251
-163.5	4052	259
-163.286	4077	253
-163.071	4050	257
-162.857	4044	254
-162.643	4042	253
-162.429	4035	254
-162.214	4023	256
-162	4016	254
-161.786	4016	256
-161.571	4007	256
-161.357	3994	255
-161.143	3987	257
-160.929	3970	258
-160.714	3973	257
-160.5	3971	255
-160.286	3949	258
-160.071	3109	240
-159.857	3072	223
-159.643	3061	231
-159.429	3020	208
-159.214	3013	231
-159	3006	239
-158.786	2986	231
-158.571	2963	236
-158.357	2935	237
-158.143	2947	271
-157.929	2936	244
-157.714	2952	243
-157.5	2961	248
-157.286	2975	234
-157.071	2967	256
-156.857	2971	260
-156.643	2969	259
-156.429	2990	206
-156.214	3005	236
-156	3010	259
-155.786	3020	258
-155.571	3026	256
-155.357	3040	254
-155.143	3044	254
-154.929	3054	255
-154.714	3053	246
-154.5	3073	251
-154.286	3284	324
-154.071	3558	298
-153.857	3780	264
-153.643	3772	264
-153.429	3781	260
-153.214	3770	263
-153	3766	265
-152.786	3773	263
-152.571	3761	263
-152.357	3753	264
-152.143	3747	266
-151.929	3736	264
-151.714	3750	264
-151.5	3746	263
-151.286	3740	264
-151.071	3729	263
-150.857	3734	263
-150.643	3731	264
-150.429	3716	265
-150.214	3730	263
-150	3717	263
-149.786	3705	265
-149.571	3714	264
-149.357	3705	263
-149.143	3689	254
-148.929	3668	242
-148.714	3676	251
-148.5	3674	266
-148.286	3681	266
-148.071	3682	267
-147.857	3685	265
-147.643	3683	262
-147.429	3676	266
-147.214	3679	265
-147	3689	263
-146.786	3676	266
-146.571	3667	264
-146.357	3673	266
-146.143	3656	267
-145.929	3651	267
-145.714	3652	266
-145.5	3670	261
-145.286	3640	266
-145.071	3647	266
-144.857	3655	265
-144.643	3649	266
-144.429	3646	267
-144.214	3643	266
-144	3642	266
-143.786	3642	269
-143.571	3634	268
-143.357	3638	269
-143.143	3637	266
-142.929	3644	266
-142.714	3620	270
-142.5	3624	270
-142.286	3610	269
-142.071	3621	269
-141.857	3632	268
-141.643	3619	270
-141.429	3629	269
-141.214	3630	270
-141	3620	271
-140.786	3612	272
-140.571	3610	273
-140.357	3607	274
-140.143	3618	276
-139.929	3626	274
-139.714	3615	278
-139.5	3597	279
-139.286	3605	281
-139.071	3609	283
-138.857	3594	285
-138.643	3612	285
-138.429	3608	290
-138.214	3607	294
-138	3608	300
-137.786	3615	305
-137.571	3606	311
-137.357	3612	329
-137.143	3609	349
-136.929	3607	373
-136.714	3600	393
-136.5	3615	410
-136.286	3603	411
-136.071	3608	433
-135.857	3613	444
-135.643	3604	452
-135.429	3605	449
-135.214	3589	442
-135	3618	428
-134.786	3605	412
-134.571	3590	395
-134.357	3598	375
-134.143	3605	355
-133.929	3597	337
-133.714	3592	320
-133.5	3606	306
-133.286	3606	297
-133.071	3600	290
-132.857	3601	290
-132.643	3607	285
-132.429	3609	281
-132.214	3607	282
-132	3600	281
-131.786	3616	278
-131.571	3611	275
-131.357	3609	275
-131.143	3612	274
-130.929	3625	273
-130.714	3608	272
-130.5	3616	270
-130.286	3613	269
-130.071	3620	272
-129.857	3622	269
-129.643	3627	269
-129.429	3627	267
-129.214	3629	268
-129	3622	267
-128.786	3637	266
-128.571	3626	266
-128.357	3619	269
-128.143	3632	266
-127.929	3637	266
-127.714	3621	267
-127.5	3628	269
-127.286	3644	266
-127.071	3642	267
-126.857	3645	266
-126.643	3651	266
-126.429	3645	267
-126.214	3657	265
-126	3656	264
-125.786	3659	265
-125.571	3652	264
-125.357	3675	260
-125.143	3653	260
-124.929	3658	257
-124.714	3661	256
-124.5	3687	251
-124.286	0	6
-124.071	285	76
-123.857	301	105
-123.643	324	128
-123.429	329	163
-123.214	334	186
-123	326	202
-122.786	315	210
-122.571	340	215
-122.357	328	220
-122.143	342	232
-121.929	337	247
-121.714	345	282
-121.5	345	598
-121.286	345	661
-121.071	350	605
-120.857	340	389
-120.643	340	270
-120.429	350	247
-120.214	337	226
-120	334	216
-119.786	322	202
-119.571	350	192
-119.357	362	188
-119.143	337	165
-118.929	311	143
-118.714	326	123
-118.5	283	110
-118.286	282	97
-118.071	279	63
-117.857	3789	248
-117.643	3794	252
-117.429	3793	253
-117.214	3796	255
-117	3786	258
-116.786	3804	258
-116.571	3818	259
-116.357	3813	261
-116.143	3820	261
-115.929	3825	262
-115.714	3842	260
-115.5	3840	259
-115.286	3835	260
-115.071	3852	260
-114.857	3856	260
-114.643	3861	257
-114.429	3862	260
-114.214	3870	258
-114	3860	260
-113.786	3882	258
-113.571	3890	258
-113.357	3886	258
-113.143	3890	263
-112.929	3912	257
-112.714	3910	258
-112.5	3916	258
-112.286	3919	257
-112.071	3929	258
-111.857	3940	256
-111.643	3936	256
-111.429	3948	257
-111.214	3961	256
-111	3954	258
-110.786	3974	255
-110.571	3965	257
-110.357	3987	256
-110.143	3992	256
-109.929	4000	255
-109.714	4001	256
-109.5	3995	256
-109.286	4010	257
-109.071	4027	255
-108.857	4043	254
-108.643	4050	254
-108.429	4060	255
-108.214	4068	253
-108	4071	254
-107.786	4064	255
-107.571	4084	254
-107.357	4094	252
-107.143	4099	253
-106.929	4097	253
-106.714	4098	255
-106.5	4131	253
-106.286	4146	251
-106.071	4143	252
-105.857	4138	253
-105.643	4156	255
-105.429	4163	253
-105.214	4179	254
-105	4183	250
-104.786	4195	249
-104.571	4205	253
-104.357	4216	251
-104.143	4234	249
-103.929	4243	249
-103.714	4232	250
-103.5	4240	252
-103.286	4264	251
-103.071	4269	248
-102.857	4283	248
-102.643	4276	251
-102.429	4309	250
-102.214	4316	248
-102	4327	247
-101.786	4328	247
-101.571	4341	249
-101.357	4359	248
-101.143	4387	246
-100.929	4396	245
-100.714	4398	245
-100.5	4393	245
-100.286	4406	246
-100.071	4436	245
-99.8571	4442	245
-99.6429	4455	243
-99.4286	4473	242
-99.2143	4475	245
-99	4488	242
-98.7857	4504	243
-98.5714	4510	243
-98.3571	4516	245
-98.1429	4541	245
-97.9286	4542	242
-97.7143	4544	243
-97.5	4561	244
-97.2857	4600	242
-97.0714	4601	242
-96.8571	4626	238
-96.6429	4635	242
-96.4286	4646	240
-96.2143	4661	239
-96	4684	239
-95.7857	4673	243
-95.5714	4712	238
-95.3571	4726	239
-95.1429	4740	237
-94.9286	4760	238
-94.7143	4767	238
-94.5	4776	238
-94.2857	4792	238
-94.0714	4827	236
-93.8571	4835	238
-93.6429	4845	236
-93.4286	4864	234
-93.2143	4882	236
-93	4898	236
-92.7857	4912	236
-92.5714	4925	233
-92.3571	4956	232
-92.1429	4951	236
-91.9286	4987	233
-91.7143	4991	227
-91.5	4982	208
-91.2857	4936	194
-91.0714	4993	220
-90.8571	5054	227
-90.6429	5099	228
-90.4286	5112	229
-90.2143	5119	230
-90	5105	234
-89.7857	4916	252
-89.5714	4821	248
-89.3571	4751	232
-89.1429	4807	257
-88.9286	4872	270
-88.7143	5217	230
-88.5	5256	206
-88.2857	5186	199
-88.0714	5274	211
-87.8571	5345	223
-87.6429	5389	222
-87.4286	5426	222
-87.2143	5427	223
-87	5442	219
-86.7857	5411	200
-86.5714	5365	192
-86.3571	5414	216
-86.1429	5464	228
-85.9286	5275	250
-85.7143	5170	247
-85.5	5091	229
-85.2857	5144	254
-85.0714	5239	256
-84.8571	5290	251
-84.6429	5220	244
-84.4286	5192	232
-84.2143	5231	264
-84	5330	221
-83.7857	5652	210
-83.5714	5806	216
-83.3571	5893	212
-83.1429	5915	209
-82.9286	5941	214
-82.7143	5976	212
-82.5	5998	203
-82.2857	5919	156
-82.0714	6071	208
-81.8571	6056	210
-81.6429	5776	247
-81.4286	5655	242
-81.2143	5497	180
-81	5576	235
-80.7857	5700	262
-80.5714	6282	196
-80.3571	6326	201
-80.1429	6362	199
-79.9286	6419	196
-79.7143	6447	195
-79.5	6459	176
-79.2857	6477	140
-79.0714	5576	32
-78.8571	5446	34
-78.6429	0	0
-78.4286	6641	182
-78.2143	6711	186
-78	6739	188
-77.7857	6783	188
-77.5714	6820	191
-77.3571	6871	186
-77.1429	6897	186
-76.9286	6937	186
-76.7143	0	6
-76.5	1302	115
-76.2857	1321	182
-76.0714	1308	222
-75.8571	1303	253
-75.6429	1309	288
-75.4286	1296	934
-75.2143	1287	1082
-75	1282	1293
-74.7857	1295	1843
-74.5714	1286	2031
-74.3571	1294	2004
-74.1429	1298	1899
-73.9286	1299	1639
-73.7143	1293	1247
-73.5	1299	1042
-73.2857	1308	733
-73.0714	1295	298
-72.8571	1307	255
-72.6429	1303	227
-72.4286	1317	186
-72.2143	1311	139
-72	0	6
-71.7857	0	6
-71.5714	8264	145
-71.3571	8299	145
-71.1429	8385	143
-70.9286	8440	140
-70.7143	0	0
-70.5	8588	136
-70.2857	8638	133
-70.0714	8737	130
-69.8571	8802	128
-69.6429	8868	129
-69.4286	8943	120
-69.2143	9021	120
-69	7677	260
-68.7857	9179	115
-68.5714	9255	119
-68.3571	9331	115
-68.1429	9430	84
-67.9286	2761	253
-67.7143	2757	268
-67.5	2752	277
-67.2857	2737	281
-67.0714	2741	280
-66.8571	2748	282
-66.6429	2747	279
-66.4286	2734	281
-66.2143	2738	278
-66	2763	275
-65.7857	2762	272
-65.5714	2716	261
-65.3571	2598	251
-65.1429	2599	253
-64.9286	2574	264
-64.7143	2586	275
-64.5	2583	280
-64.2857	2588	282
-64.0714	2595	274
-63.8571	2605	266
-63.6429	2633	263
-63.4286	2651	269
-63.2143	2662	271
-63	2677	251
-62.7857	2702	238
-62.5714	2731	133
-62.3571	0	0
-62.1429	0	0
-61.9286	0	0
-61.7143	0	0
-61.5	0	0
-61.2857	0	0
-61.0714	0	0
-60.8571	0	0
-60.6429	0	0
-60.4286	0	0
-60.2143	2571	273
-60	2569	278
-59.7857	2566	283
-59.5714	2551	284
-59.3571	2563	283
-59.1429	2566	280
-58.9286	2552	283
-58.7143	2548	281
-58.5	2548	283
-58.2857	2544	282
-58.0714	2553	281
-57.8571	2552	282
-57.6429	2547	281
-57.4286	2546	284
-57.2143	2540	282
-57	2556	281
-56.7857	2530	286
-56.5714	2532	285
-56.3571	2535	285
-56.1429	2537	285
-55.9286	2525	282
-55.7143	2532	283
-55.5	2537	284
-55.2857	2537	282
-55.0714	2531	283
-54.8571	2526	284
-54.6429	2517	285
-54.4286	2519	285
-54.2143	2526	282
-54	2522	283
-53.7857	2523	284
-53.5714	2526	285
-53.3571	2526	282
-53.1429	2522	283
-52.9286	2527	284
-52.7143	2526	284
-52.5	2522	284
-52.2857	2513	284
-52.0714	2524	286
-51.8571	2525	285
-51.6429	2541	283
-51.4286	2525	286
-51.2143	2516	286
-51	2523	285
-50.7857	2518	284
-50.5714	2523	285
-50.3571	2509	285
-50.1429	2512	285
-49.9286	2511	286
-49.7143	2505	285
-49.5	2507	287
-49.2857	2507	287
-49.0714	2524	281
-48.8571	2507	282
-48.6429	2507	286
-48.4286	2507	285
-48.2143	2515	284
-48	2493	285
-47.7857	2492	285
-47.5714	2190	239
-47.3571	2145	223
-47.1429	2349	264
-46.9286	2500	284
-46.7143	2487	285
-46.5	2497	284
-46.2857	2418	239
-46.0714	2336	225
-45.8571	2493	262
-45.6429	2511	283
-45.4286	2503	285
-45.2143	2514	284
-45	2497	283
-44.7857	2507	284
-44.5714	2499	284
-44.3571	2515	285
-44.1429	2517	283
-43.9286	2514	283
-43.7143	2515	284
-43.5	2515	284
-43.2857	2516	284
-43.0714	2513	285
-42.8571	2522	283
-42.6429	2510	284
-42.4286	2506	285
-42.2143	2506	285
-42	2524	282
-41.7857	2514	283
-41.5714	2507	284
-41.3571	2522	286
-41.1429	2523	281
-40.9286	2517	285
-40.7143	2524	284
-40.5	2515	285
-40.2857	2529	284
-40.0714	2531	283
-39.8571	2531	284
-39.6429	2532	283
-39.4286	2523	285
-39.2143	2530	284
-39	2523	282
-38.7857	2532	280
-38.5714	2520	278
-38.3571	2514	278
-38.1429	2514	277
-37.9286	2524	278
-37.7143	2514	277
-37.5	2514	280
-37.2857	2522	275
-37.0714	2401	210
-36.8571	2361	224
-36.6429	2477	274
-36.4286	2521	283
-36.2143	2509	281
-36	2519	285
-35.7857	2532	282
-35.5714	2530	282
-35.3571	2532	276
-35.1429	2225	194
-34.9286	2191	227
-34.7143	2297	269
-34.5	2549	282
-34.2857	2536	283
-34.0714	2544	285
-33.8571	2564	284
-33.6429	2554	285
-33.4286	2564	283
-33.2143	2558	285
-33	2560	284
-32.7857	2576	284
-32.5714	2569	284
-32.3571	2571	283
-32.1429	2577	284
-31.9286	2568	284
-31.7143	2572	284
-31.5	2591	281
-31.2857	2596	283
-31.0714	2583	284
-30.8571	2588	281
-30.6429	2598	281
-30.4286	2590	282
-30.2143	2579	284
-30	2587	286
-29.7857	2592	285
-29.5714	2594	285
-29.3571	2597	283
-29.1429	2608	274
-28.9286	2903	280
-28.7143	2925	277
-28.5	2949	276
-28.2857	2936	277
-28.0714	2950	276
-27.8571	2425	341
-27.6429	2337	287
-27.4286	2321	287
-27.2143	2327	286
-27	2338	285
-26.7857	2325	290
-26.5714	2339	286
-26.3571	2344	288
-26.1429	2346	288
-25.9286	2352	286
-25.7143	2343	287
-25.5	2348	284
-25.2857	2368	279
-25.0714	2368	283
-24.8571	2373	286
-24.6429	2383	280
-24.4286	2383	275
-24.2143	2388	277
-24	2397	280
-23.7857	2414	277
-23.5714	2423	280
-23.3571	2424	279
-23.1429	2427	282
-22.9286	2427	280
-22.7143	2444	279
-22.5	2440	279
-22.2857	2446	279
-22.0714	2455	278
-21.8571	2458	280
-21.6429	2475	284
-21.4286	2472	286
-21.2143	2483	275
-21	2504	274
-20.7857	2516	273
-20.5714	2514	274
-20.3571	2536	273
-20.1429	2538	273
-19.9286	2555	274
-19.7143	2559	280
-19.5	2561	275
-19.2857	2556	277
-19.0714	2574	276
-18.8571	2571	277
-18.6429	2594	274
-18.4286	2591	276
-18.2143	2604	274
-18	2619	272
-17.7857	2629	274
-17.5714	2636	275
-17.3571	2641	273
-17.1429	2656	272
-16.9286	2655	272
-16.7143	2680	270
-16.5	2678	272
-16.2857	2691	272
-16.0714	2692	272
-15.8571	2706	270
-15.6429	2713	272
-15.4286	2709	273
-15.2143	2726	269
-15	2749	269
-14.7857	2748	270
-14.5714	2753	274
-14.3571	2763	274
-14.1429	2770	272
-13.9286	2784	268
-13.7143	2787	268
-13.5	2802	270
-13.2857	2809	271
-13.0714	2818	271
-12.8571	2831	269
-12.6429	2842	268
-12.4286	2833	270
-12.2143	2841	267
-12	2863	266
-11.7857	2874	265
-11.5714	2875	265
-11.3571	2892	265
-11.1429	2904	264
-10.9286	2921	264
-10.7143	2934	264
-10.5	2949	261
-10.2857	2973	260
-10.0714	2979	263
-9.85714	3017	262
-9.64286	3029	262
-9.42857	3027	265
-9.21429	3055	266
-9	3042	267
-8.78571	3064	267
-8.57143	3057	269
-8.35714	3082	263
-8.14286	3095	265
-7.92857	3095	266
-7.71429	3114	262
-7.5	3122	260
-7.28571	3128	260
-7.07143	3136	261
-6.85714	3158	260
-6.64286	3163	260
-6.42857	3178	259
-6.21429	3196	253
-6	3214	255
-5.78571	3249	252
-5.57143	3239	33
-5.35714	4472	235
-5.14286	4456	234
-4.92857	4421	237
-4.71429	4414	237
-4.5	4393	235
-4.28571	4380	238
-4.07143	4373	237
-3.85714	4334	239
-3.64286	4327	237
-3.42857	4300	240
-3.21429	4283	242
-3	4278	239
-2.78571	4252	241
-2.57143	4217	243
-2.35714	4225	241
-2.14286	4206	242
-1.92857	4178	243
-1.71429	4174	243
-1.5	4163	242
-1.28571	4140	244
-1.07143	4132	242
-0.857143	4100	243
-0.642857	4100	246
-0.428571	4066	247
-0.214286	4070	245
0	4043	244
0.214286	4036	247
0.428571	4017	245
0.642857	3993	249
0.857143	3995	245
1.07143	3988	246
1.28571	3952	250
1.5	3955	248
1.71429	3927	248
1.92857	3932	248
2.14286	3908	249
2.35714	3896	248
2.57143	3886	249
2.78571	3873	250
3	3870	249
3.21429	3840	250
3.42857	3836	255
3.64286	3822	253
3.85714	3811	251
4.07143	3785	255
4.28571	3782	253
4.5	3761	254
4.71429	3764	255
4.92857	3753	255
5.14286	3725	256
5.35714	3723	255
5.57143	3703	256
5.78571	3707	255
6	3698	254
6.21429	3673	255
6.42857	3663	256
6.64286	3648	257
6.85714	3649	258
7.07143	3639	256
7.28571	3631	258
7.5	3620	258
7.71429	3612	259
7.92857	3601	259
8.14286	3586	258
8.35714	3588	258
8.57143	3563	260
8.78571	3553	260
9	3559	258
9.21429	3540	258
9.42857	3532	259
9.64286	3519	261
9.85714	3522	259
10.0714	3510	259
10.2857	3489	261
10.5	3476	261
10.7143	3480	261
10.9286	3448	262
11.1429	3454	261
11.3571	3464	261
11.5714	3430	263
11.7857	3436	263
12	3425	260
12.2143	3428	261
12.4286	3411	262
12.6429	3405	264
12.8571	3402	264
13.0714	3393	262
13.2857	3387	262
13.5	3375	264
13.7143	3354	265
13.9286	3363	263
14.1429	3338	265
14.3571	3341	264
14.5714	3324	267
14.7857	3319	266
15	3307	269
15.2143	3311	265
15.4286	3306	264
15.6429	3299	265
15.8571	3302	264
16.0714	3285	268
16.2857	3275	265
16.5	0	6
16.7143	1460	105
16.9286	1466	150
17.1429	1449	190
17.3571	1588	474
17.5714	1541	481
17.7857	1495	491
18	1469	1131
18.2143	1456	1203
18.4286	1433	1235
18.6429	1437	1315
18.8571	1446	1560
19.0714	1454	1894
19.2857	1450	1979
19.5	1458	1985
19.7143	1439	1793
19.9286	1445	1916
20.1429	1449	1566
20.3571	1446	1194
20.5714	1450	922
20.7857	1462	585
21	1514	483
21.2143	1563	476
21.4286	1615	460
21.6429	1457	143
21.8571	0	6
22.0714	0	6
22.2857	3117	269
22.5	3119	270
22.7143	3123	268
22.9286	3105	271
23.1429	3097	272
23.3571	3110	270
23.5714	3101	271
23.7857	3097	271
24	3086	272
24.2143	3066	274
24.4286	3087	272
24.6429	3076	271
24.8571	3068	271
25.0714	3060	275
25.2857	3054	273
25.5	3062	273
25.7143	3058	273
25.9286	3040	277
26.1429	3048	274
26.3571	3040	275
26.5714	3041	271
26.7857	3022	273
27	3038	273
27.2143	3030	274
27.4286	3018	273
27.6429	3024	274
27.8571	3016	275
28.0714	3013	275
28.2857	3011	274
28.5	3009	274
28.7143	3012	273
28.9286	3013	275
29.1429	2999	277
29.3571	2990	275
29.5714	3004	273
29.7857	2990	274
30	2975	276
30.2143	2971	278
30.4286	2977	276
30.6429	2979	276
30.8571	2966	277
31.0714	2980	277
31.2857	2967	275
31.5	2973	275
31.7143	2951	279
31.9286	2961	275
32.1429	2955	277
32.3571	2957	277
32.5714	2958	276
32.7857	2961	277
33	2966	276
33.2143	2952	278
33.4286	2948	276
33.6429	2943	279
33.8571	2953	278
34.0714	2951	278
34.2857	2937	277
34.5	2939	275
34.7143	2926	278
34.9286	2938	276
35.1429	2937	275
35.3571	2935	278
35.5714	2935	277
35.7857	2931	277
36	2921	278
36.2143	2924	276
36.4286	2914	279
36.6429	2914	278
36.8571	2916	276
37.0714	2922	275
37.2857	2916	272
37.5	2913	270
37.7143	2915	270
37.9286	2920	266
38.1429	2910	264
38.3571	329	67
38.5714	311	91
38.7857	332	122
39	355	153
39.2143	331	172
39.4286	353	186
39.6429	339	199
39.8571	352	213
40.0714	357	230
40.2857	364	254
40.5	364	305
40.7143	357	734
40.9286	354	783
41.1429	367	695
41.3571	363	295
41.5714	366	247
41.7857	353	225
42	367	208
42.2143	347	197
42.4286	353	180
42.6429	364	167
42.8571	344	147
43.0714	318	118
43.2857	320	92
43.5	293	66
43.7143	0	6
43.9286	2898	400
44.1429	2892	415
44.3571	2904	418
44.5714	2886	422
44.7857	2904	428
45	2906	428
45.2143	2888	432
45.4286	2880	426
45.6429	2902	412
45.8571	2880	409
46.0714	2904	395
46.2857	2911	373
46.5	2905	365
46.7143	2907	352
46.9286	2893	342
47.1429	2899	327
47.3571	2908	310
47.5714	2880	305
47.7857	2900	295
48	2904	292
48.2143	2910	288
48.4286	2890	289
48.6429	2900	286
48.8571	2905	285
49.0714	2906	285
49.2857	2922	283
49.5	2914	282
49.7143	2908	284
49.9286	2907	281
50.1429	2903	283
50.3571	2910	282
50.5714	2910	282
50.7857	2917	280
51	2917	281
51.2143	2919	282
51.4286	2925	278
51.6429	2923	277
51.8571	2925	279
52.0714	2917	280
52.2857	2913	281
52.5	2936	280
52.7143	2931	278
52.9286	2929	277
53.1429	2918	279
53.3571	2937	278
53.5714	2938	279
53.7857	2941	280
54	2939	276
54.2143	2945	277
54.4286	2942	276
54.6429	2957	275
54.8571	2955	277
55.0714	2952	277
55.2857	2933	279
55.5	2947	278
55.7143	2951	276
55.9286	2970	275
56.1429	2961	275
56.3571	2950	276
56.5714	2961	275
56.7857	2959	277
57	2956	277
57.2143	2972	276
57.4286	2960	278
57.6429	2981	276
57.8571	2981	275
58.0714	2991	275
58.2857	2985	278
58.5	2991	276
58.7143	2986	277
58.9286	2992	274
59.1429	2998	275
59.3571	2990	276
59.5714	3005	275
59.7857	3004	274
60	2990	277
60.2143	3017	275
60.4286	3010	273
60.6429	3009	274
60.8571	3020	275
61.0714	3019	275
61.2857	3038	273
61.5	3032	273
61.7143	3031	275
61.9286	3036	276
62.1429	3047	273
62.3571	3036	274
62.5714	3054	272
62.7857	3036	276
63	3060	274
63.2143	3072	272
63.4286	3064	274
63.6429	3064	274
63.8571	3066	274
64.0714	3087	272
64.2857	3081	275
64.5	3074	274
64.7143	3072	274
64.9286	3100	273
65.1429	3106	270
65.3571	3101	271
65.5714	3104	273
65.7857	3106	273
66	3115	270
66.2143	3122	271
66.4286	3106	274
66.6429	3121	270
66.8571	3133	271
67.0714	3142	270
67.2857	3140	270
67.5	3147	270
67.7143	3148	270
67.9286	3156	271
68.1429	3168	269
68.3571	3158	271
68.5714	3164	270
68.7857	3188	269
69	3182	269
69.2143	3195	270
69.4286	3197	270
69.6429	3195	270
69.8571	3191	270
70.0714	3223	267
70.2857	3220	268
70.5	3235	268
70.7143	3226	269
70.9286	3241	266
71.1429	3234	268
71.3571	3240	269
71.5714	3247	268
71.7857	3248	269
72	3261	267
72.2143	3279	267
72.4286	3285	266
72.6429	3292	266
72.8571	3308	264
73.0714	3307	265
73.2857	3306	264
73.5	0	6
73.7143	1560	115
73.9286	1584	175
74.1429	1700	470
74.3571	1659	482
74.5714	1623	479
74.7857	1581	627
75	1573	996
75.2143	1569	1343
75.4286	1565	1900
75.6429	1575	1973
75.8571	1581	1909
76.0714	1579	1622
76.2857	1558	1115
76.5	1580	869
76.7143	1579	564
76.9286	1642	475
77.1429	1683	483
77.3571	1561	198
77.5714	1574	143
77.7857	0	6
78	0	6
78.2143	3495	258
78.4286	3498	261
78.6429	3508	258
78.8571	3510	259
79.0714	3531	256
79.2857	3530	258
79.5	3534	258
79.7143	3551	258
79.9286	3560	260
80.1429	3571	258
80.3571	3576	257
80.5714	3574	258
80.7857	3605	257
81	3603	260
81.2143	3620	254
81.4286	3619	256
81.6429	3640	255
81.8571	3665	256
82.0714	3663	254
82.2857	3674	256
82.5	3677	255
82.7143	3683	256
82.9286	3703	256
83.1429	3712	255
83.3571	3713	254
83.5714	3725	257
83.7857	3746	254
84	3776	252
84.2143	3774	249
84.4286	3784	255
84.6429	3784	254
84.8571	3797	254
85.0714	3825	252
85.2857	3834	251
85.5	3847	252
85.7143	3852	250
85.9286	3871	251
86.1429	3885	248
86.3571	3893	251
86.5714	3916	249
86.7857	3927	250
87	3937	249
87.2143	3954	247
87.4286	3959	250
87.6429	3974	249
87.8571	3995	246
88.0714	4004	247
88.2857	4041	245
88.5	4046	245
88.7143	4054	248
88.9286	4067	246
89.1429	4077	248
89.3571	4100	244
89.5714	4113	243
89.7857	4106	247
90	4168	241
90.2143	4165	243
90.4286	4172	242
90.6429	4192	243
90.8571	4218	242
91.0714	4225	243
91.2857	4254	240
91.5	4267	240
91.7143	4287	240
91.9286	4292	240
92.1429	4306	239
92.3571	4345	238
92.5714	4354	239
92.7857	4373	238
93	4376	240
93.2143	4402	241
93.4286	4435	241
93.6429	4446	244
93.8571	4451	243
94.0714	4439	248
94.2857	4430	246
94.5	4407	247
94.7143	4412	245
94.9286	4395	242
95.1429	4381	237
95.3571	0	6
95.5714	0	6
95.7857	0	6
96	507	140
96.2143	558	192
96.4286	514	213
96.6429	513	230
96.8571	534	238
97.0714	531	258
97.2857	527	349
97.5	548	713
97.7143	535	632
97.9286	526	277
98.1429	546	243
98.3571	540	231
98.5714	520	222
98.7857	519	197
99	507	152
99.2143	470	114
99.4286	0	6
99.6429	0	6
99.8571	4149	238
100.071	4139	241
100.286	4141	247
100.5	4135	248
100.714	4110	251
100.929	4100	252
101.143	4086	254
101.357	4082	256
101.571	4062	256
101.786	4061	255
102	4058	251
102.214	4034	253
102.429	4033	255
102.643	4027	252
102.857	4019	253
103.071	4008	256
103.286	3998	253
103.5	4000	251
103.714	3981	252
103.929	3959	256
104.143	3953	256
104.357	3948	256
104.571	3958	257
104.786	3930	262
105	3932	256
105.214	3922	253
105.429	3909	254
105.643	3896	255
105.857	3896	256
106.071	3890	257
106.286	3867	258
106.5	3868	262
106.714	3874	260
106.929	3865	261
107.143	3861	260
107.357	3837	261
107.571	3823	259
107.786	3835	254
108	3814	252
108.214	3803	255
108.429	3777	258
108.643	3772	256
108.857	3773	257
109.071	3763	256
109.286	3744	258
109.5	3739	265
109.714	3741	265
109.929	3738	265
110.143	3734	265
110.357	3714	266
110.571	3724	262
110.786	3727	259
111	3736	261
111.214	3747	262
111.429	3745	258
111.643	3732	267
111.857	3731	267
112.071	3734	266
112.286	3721	269
112.5	3721	268
112.714	3710	267
112.929	3703	267
113.143	3721	263
113.357	3708	266
113.571	3692	265
113.786	3691	264
114	3684	265
114.214	3678	264
114.429	3674	264
114.643	3665	267
114.857	3670	266
115.071	3656	266
115.286	3648	266
115.5	3664	264
115.714	3653	265
115.929	3640	269
116.143	3646	268
116.357	3642	266
116.571	3640	264
116.786	3629	267
117	3638	266
117.214	3645	266
117.429	3630	268
117.643	3622	267
117.857	3609	269
118.071	3625	266
118.286	3616	266
118.5	3613	269
118.714	3599	267
118.929	3604	267
119.143	3609	267
119.357	3601	267
119.571	3588	268
119.786	3584	268
120	3581	268
120.214	3577	269
120.429	3567	269
120.643	3573	267
120.857	3565	268
121.071	3562	268
121.286	3563	268
121.5	3550	267
121.714	3548	268
121.929	3553	267
122.143	3554	268
122.357	3543	267
122.571	3538	266
122.786	3538	268
123	3543	268
123.214	3547	265
123.429	3537	268
123.643	3536	267
123.857	3525	268
124.071	3538	268
124.286	3529	267
124.5	3524	267
124.714	3521	268
124.929	3517	268
125.143	3513	268
125.357	3501	267
125.571	3504	269
125.786	3514	266
126	3501	266
126.214	3511	264
126.429	3496	268
126.643	3493	267
126.857	3503	266
127.071	3493	265
127.286	3486	267
127.5	3489	265
127.714	3503	267
127.929	3502	266
128.143	3500	265
128.357	3498	266
128.571	3602	264
128.786	3619	264
129	3588	268
129.214	3589	268
129.429	3629	263
129.643	3605	266
129.857	3593	265
130.071	3613	263
130.286	3587	264
130.5	3610	262
130.714	3593	267
130.929	3605	265
131.143	3598	266
131.357	3589	269
131.571	3600	267
131.786	3598	265
132	3587	266
132.214	3587	268
132.429	3574	269
132.643	3598	266
132.857	3591	267
133.071	3577	268
133.286	3575	268
133.5	3589	266
133.714	3581	265
133.929	3573	265
134.143	3580	269
134.357	3572	267
134.571	3567	266
134.786	3563	268
135	3574	268
135.214	3564	267
135.429	3565	266
135.643	3573	266
135.857	3579	265
136.071	3573	264
136.286	3561	266
136.5	3555	268
136.714	3557	266
136.929	3554	265
137.143	3547	269
137.357	3559	265
137.571	3541	268
137.786	3544	265
138	3540	267
138.214	3543	267
138.429	3542	266
138.643	3547	267
138.857	3537	269
139.071	3543	269
139.286	3544	267
139.5	3542	267
139.714	3551	265
139.929	3538	267
140.143	3542	267
140.357	3548	267
140.571	3540	266
140.786	3538	267
141	3536	268
141.214	3546	267
141.429	3542	268
141.643	3535	268
141.857	3535	268
142.071	3529	267
142.286	3543	265
142.5	3533	265
142.714	3530	268
142.929	3525	268
143.143	3546	265
143.357	3543	266
143.571	3543	266
143.786	3535	266
144	3533	266
144.214	3536	266
144.429	3523	267
144.643	3522	267
144.857	3532	266
145.071	3533	266
145.286	3520	269
145.5	3522	268
145.714	3523	265
145.929	3524	268
146.143	3536	265
146.357	3535	266
146.571	3540	264
146.786	3520	269
147	3520	268
147.214	3526	266
147.429	3517	265
147.643	3522	264
147.857	3525	265
148.071	3519	265
148.286	3529	264
148.5	3561	257
148.714	3560	256
148.929	3605	265
149.143	3611	263
149.357	3618	262
149.571	3614	254
149.786	8151	253
150	8116	209
150.214	8115	207
150.429	8112	205
150.643	8107	192
150.857	12659	44
151.071	12488	64
151.286	12306	64
151.5	8198	193
151.714	8173	213
151.929	8160	210
152.143	8181	208
152.357	8286	235
152.571	8918	178
152.786	8945	167
153	8922	175
153.214	8907	114
153.429	8912	166
153.643	8917	173
153.857	8910	172
154.071	8914	166
154.286	7444	198
154.5	7383	112
154.714	7226	141
154.929	7136	169
155.143	7102	179
155.357	7019	195
155.571	7025	165
155.786	7044	196
156	7045	214
156.214	7053	218
156.429	7075	219
156.643	7081	217
156.857	7078	212
157.071	7077	183
157.286	7093	206
157.5	7084	220
157.714	7107	219
157.929	7121	216
158.143	7121	214
158.357	0	6
158.571	0	6
158.786	1450	160
159	1469	200
159.214	1456	233
159.429	1463	267
159.643	1459	735
159.857	1460	956
160.071	1461	1200
160.286	1464	1490
160.5	1462	1930
160.714	1461	1879
160.929	1446	1938
161.143	1469	1610
161.357	1445	1196
161.571	1456	838
161.786	1458	344
162	1448	262
162.214	1454	236
162.429	1458	197
162.643	1456	144
162.857	0	6
163.071	0	6
163.286	4870	248
163.5	4881	253
163.714	4871	255
163.929	4880	252
164.143	4755	273
164.357	4236	253
164.571	4258	248
164.786	4276	245
165	4274	247
165.214	4280	247
165.429	4302	246
165.643	4315	245
165.857	4320	247
166.071	4336	245
166.286	4330	247
166.5	4357	242
166.714	4366	240
166.929	4373	238
167.143	4388	240
167.357	4407	237
167.571	4434	234
167.786	4430	226
168	533	140
168.214	521	152
168.429	0	6
168.643	4497	234
168.857	4503	238
169.071	4524	236
169.286	4526	238
169.5	4530	237
169.714	4558	238
169.929	4582	242
170.143	4593	240
170.357	4624	237
170.571	4619	241
170.786	4646	241
171	4653	242
171.214	4678	238
171.429	4684	240
171.643	4721	240
171.857	4718	239
172.071	4747	238
172.286	4767	238
172.5	4774	241
172.714	4797	238
172.929	4814	238
173.143	4821	237
173.357	4835	237
173.571	4866	233
173.786	4895	231
174	4923	233
174.214	4950	234
174.429	4967	236
174.643	4994	236
174.857	5010	239
175.071	5023	239
175.286	5030	240
175.5	5046	238
175.714	5062	239
175.929	5084	235
176.143	5090	235
176.357	5123	236
176.571	5125	240
176.786	5119	239
177	5162	229
177.214	5180	227
177.429	5271	224
177.643	5244	226
177.857	5239	225
178.071	5220	221
178.286	5186	217
178.5	0	6
178.714	0	6
178.929	0	6
179.143	533	160
179.357	513	197
179.571	516	210
179.786	522	222
